X	Graphic Profile 1
0.999333605954	259.4118
1.99866721191	259.468
2.99800081872	259.766
3.99733442397	260.1599
4.99666802992	260.4856
5.99600163588	260.6544
6.99533524269	260.7923
7.99466884723	260.8913
8.9940024546	260.9834
9.99333606055	261.048
10.9926696652	261.1495
11.9920032712	261.2066
12.9913368771	261.1755
13.9906704831	261.1492
14.9900040899	261.1454
15.9893376934	261.1483
16.9886712994	261.1469
17.9880049053	261.1551
18.9873385099	261.1693
19.986672116	261.1785
20.9860057241	261.2378
21.98533933	261.2999
22.9846729339	261.3284
23.9840065407	261.3203
24.9833401466	261.3155
25.9826737526	261.3237
26.9820073578	261.3105
27.9813409646	261.2902
28.9806745706	261.2734
29.9800081765	261.2584
30.9793417811	261.2883
31.9786753893	261.3247
32.9780089927	261.3551
33.9773425995	261.3648
34.976676205	261.3651
35.9760098119	261.3627
36.9753434152	261.3796
37.974677022	261.4044
38.9740106273	261.4093
39.9733442332	261.4029
40.9726778392	261.4123
41.972011446	261.4168
42.9713450498	261.4159
43.9706786579	261.4087
44.9700122639	261.4067
45.96934587	261.4103
46.9686794745	261.4171
47.9680130805	261.4234
48.9673466864	261.4177
49.9666802932	261.411
50.9660138985	261.4019
51.9653475044	261.4
52.9646811104	261.4102
53.9640147172	261.4236
54.9633483193	261.4199
55.9626819291	261.4196
56.9620155351	261.4351
57.9613491412	261.4382
58.960682744	261.4295
59.9600163499	261.4364
60.9593499559	261.4444
61.9586835611	261.4426
62.958017168	261.4273
63.9573507739	261.4183
64.9566843799	261.4147
65.9560179858	261.4108
66.9553515926	261.4049
67.9546851986	261.395
68.9540188038	261.3904
69.9533524098	261.4005
70.9526860152	261.4068
71.9520196211	261.4201
72.9513532271	261.4384
73.9506868323	261.4517
74.9500204392	261.4601
75.9493540425	261.4485
76.9486876493	261.4422
77.9480212553	261.4461
78.9473548612	261.4508
79.9466884672	261.4573
80.9460220733	261.4487
81.9453556793	261.4298
82.9446892838	261.4222
83.9440228898	261.4422
84.9433564959	261.4621
85.9426901018	261.4526
86.9420237078	261.4303
87.9413573137	261.4089
88.9406909205	261.4124
89.9400245265	261.4366
90.9393581324	261.4627
91.9386917384	261.4788
92.9380253445	261.4805
93.9373589487	261.4848
94.936692555	261.5005
95.9360261609	261.529
96.9353597671	261.549
97.9346933713	261.5732
98.9340269772	261.5987
99.9333605832	261.5986
100.932694192	261.588
101.932027796	261.5637
102.931361402	261.5346
103.930695007	261.5158
104.930028613	261.5051
105.92936222	261.4981
106.928695824	261.5014
107.92802943	261.5263
108.927363036	261.553
109.926696642	261.5551
110.926030248	261.5581
111.925363854	261.5553
112.92469746	261.5488
113.924031067	261.5687
114.923364671	261.5872
115.922698278	261.5962
116.922031884	261.613
117.92136549	261.6326
118.920699093	261.642
119.920032699	261.6483
120.919366305	261.6514
121.918699911	261.6719
122.918033517	261.7086
123.917367124	261.7498
124.91670073	261.773
125.916034336	261.7935
126.915367941	261.8067
127.914701548	261.8193
128.914035154	261.8403
129.913368758	261.866
130.912702364	261.8853
131.912035973	261.9011
132.911369576	261.9222
133.910703182	261.9588
134.910036788	261.983
135.909370395	261.9857
136.908703999	262.0059
137.908037605	262.0296
138.90737121	262.0447
139.906704819	262.0676
140.906038423	262.0969
141.905372028	262.1296
142.904705633	262.1869
143.904039241	262.2701
144.903372846	262.3644
145.902706452	262.4487
146.902040058	262.5241
147.901373664	262.6366
148.90070727	262.7665
149.900040876	262.8402
150.899374482	262.8496
151.898708088	262.8509
152.898041694	262.8467
153.897375296	262.8413
154.896708904	262.8383
155.89604251	262.8522
156.895376117	262.8636
157.89470972	262.8659
158.894043327	262.8707
159.893376933	262.8843
160.892710542	262.891
161.892044144	262.8848
162.891377751	262.8976
163.890711357	262.9117
164.890044963	262.934
165.889378568	262.9512
166.888712176	262.9503
167.88804578	262.9527
168.887379386	262.9664
169.886712992	262.9804
170.886046598	262.9859
171.885380204	262.9958
172.88471381	263.0095
173.884047416	263.016
174.883381022	263.0307
175.882714628	263.0429
176.882048234	263.0558
177.881381839	263.0714
178.880715447	263.0898
179.880049049	263.0982
180.879382655	263.1007
181.878716261	263.1132
182.878049867	263.1242
183.877383474	263.1305
184.876717079	263.1366
185.876050685	263.1429
186.875384291	263.1477
187.874717898	263.1548
188.874051504	263.1648
189.87338511	263.1716
190.872718716	263.1726
191.87205232	263.1756
192.871385926	263.1994
193.870719532	263.2108
194.870053138	263.2149
195.869386745	263.2298
196.868720349	263.2449
197.868053954	263.2538
198.86738756	263.2628
199.866721169	263.2736
200.866054773	263.2792
201.865388379	263.2933
202.864721985	263.3047
203.864055589	263.3048
204.863389196	263.2971
205.862722802	263.3166
206.862056408	263.3249
207.861390013	263.3282
208.86072362	263.3424
209.860057226	263.3552
210.859390832	263.3621
211.858724438	263.3697
212.858058044	263.3813
213.85739165	263.4
214.856725256	263.4103
215.85605886	263.425
216.855392467	263.4276
217.85472607	263.4486
218.854059677	263.4522
219.853393282	263.4382
220.852726891	263.3994
221.852060494	263.3704
222.851394101	263.3645
223.850727707	263.3668
224.850061313	263.3801
225.849394919	263.4184
226.848728525	263.4711
227.84806213	263.5
228.847395736	263.513
229.846729342	263.533
230.846062948	263.5623
231.845396554	263.6308
232.84473016	263.7308
233.844063765	263.8233
234.843397372	263.9214
235.842730978	263.9834
236.842064584	263.9957
237.84139819	263.9931
238.840731796	263.9961
239.840065399	264.0028
240.839399005	263.9973
241.838732611	264.0059
242.838066216	264.0151
243.837399823	264.0182
244.836733429	264.0198
245.836067035	264.0129
246.835400641	264.0342
247.834734248	264.0494
248.834067854	264.0523
249.833401459	264.0512
250.832735065	264.0549
251.83206867	264.0622
252.831402276	264.0708
253.830735882	264.0793
254.830069487	264.0813
255.829403094	264.0923
256.828736698	264.1023
257.828070304	264.0937
258.82740391	264.0961
259.826737519	264.0875
260.826071122	264.0789
261.825404728	264.0809
262.824738334	264.0897
263.824071939	264.0934
264.823405545	264.0938
265.822739151	264.0982
266.822072757	264.0877
267.821406363	264.0864
268.820739969	264.1149
269.820073576	264.116
270.819407182	264.1129
271.818740788	264.1198
272.818074393	264.1248
273.817408	264.1202
274.816741606	264.1196
275.81607521	264.1296
276.815408816	264.134
277.814742422	264.1287
278.814076026	264.1425
279.813409632	264.1449
280.81274324	264.1402
281.812076847	264.1166
282.811410451	264.1001
283.810744057	264.0562
284.810077662	264.0021
285.809411268	263.9698
286.808744874	263.9635
287.80807848	263.9921
288.807412086	264.0449
289.806745693	264.1082
290.806079298	264.189
291.805412904	264.2924
292.804746509	264.423
293.804080115	264.5938
294.803413722	264.783
295.802747328	264.9222
296.802080933	265.0454
297.801414539	265.2009
298.800748145	265.3508
299.800081748	265.4323
300.799415354	265.4754
301.798748962	265.4961
302.798082566	265.4803
303.797416172	265.4527
304.796749779	265.4489
305.796083385	265.4496
306.795416991	265.4568
307.794750596	265.4671
308.794084203	265.4752
309.793417809	265.4919
310.792751413	265.5232
311.792085019	265.5751
312.791418628	265.5936
313.790752234	265.6001
314.790085837	265.5918
315.789419443	265.5738
316.78875305	265.558
317.788086654	265.5168
318.787420262	265.4815
319.786753867	265.4785
320.786087474	265.4922
321.785421078	265.5004
322.784754683	265.4979
323.784088288	265.4951
324.783421896	265.4926
325.782755503	265.4879
326.782089107	265.4934
327.781422713	265.5152
328.780756319	265.553
329.780089926	265.5968
330.779423531	265.6386
331.778757137	265.6741
332.778090743	265.6993
333.77742435	265.7088
334.776757954	265.718
335.776091559	265.7306
336.775425167	265.7456
337.774758774	265.7632
338.774092375	265.7776
339.773425982	265.7849
340.77275959	265.7927
341.772093197	265.8071
342.771426799	265.826
343.770760406	265.8499
344.770094012	265.8687
345.769427618	265.8755
346.768761222	265.8739
347.768094831	265.8724
348.767428437	265.8695
349.766762042	265.8976
350.766095647	265.9766
351.765429253	266.0304
352.764762859	266.0171
353.764096465	265.9569
354.763430071	265.9105
355.762763677	265.88
356.762097283	265.8801
357.761430889	265.8781
358.760764493	265.8642
359.760098102	265.8713
360.759431706	265.8924
361.758765312	265.9115
362.758098916	265.9236
363.757432525	265.9319
364.756766129	265.9314
365.756099734	265.9318
366.75543334	265.9416
367.754766946	265.9638
368.754100553	265.9882
369.753434159	266.0101
370.752767765	266.0267
371.752101371	266.0416
372.751434977	266.0534
373.750768583	266.0668
374.750102187	266.091
375.749435793	266.1094
376.7487694	266.1273
377.748103003	266.1455
378.747436611	266.16
379.746770217	266.1723
380.746103824	266.1795
381.745437427	266.1835
382.744771034	266.1888
383.74410464	266.2026
384.743438245	266.2318
385.742771851	266.2544
386.742105457	266.2697
387.741439063	266.2895
388.740772668	266.3156
389.740106275	266.335
390.739439881	266.3552
391.738773487	266.3644
392.738107093	266.3627
393.737440699	266.3764
394.736774305	266.4051
395.736107911	266.4372
396.735441517	266.471
397.734775122	266.4895
398.734108728	266.5135
399.733442332	266.542
400.732775939	266.5742
401.732109546	266.6113
402.731443152	266.6484
403.730776756	266.6664
404.730110362	266.6823
405.729443968	266.703
406.728777574	266.7196
407.72811118	266.7336
408.727444786	266.7461
409.726778391	266.7668
410.726111997	266.7906
411.725445603	266.8192
412.724779209	266.8469
413.724112815	266.8721
414.723446421	266.8956
415.722780027	266.9181
416.722113633	266.946
417.721447239	266.971
418.720780845	266.9894
419.720114451	267.0133
420.719448056	267.0334
421.71878166	267.0464
422.718115266	267.0577
423.717448874	267.0812
424.716782478	267.1195
425.716116084	267.1518
426.71544969	267.1877
427.714783296	267.2204
428.714116903	267.2354
429.713450509	267.2628
430.712784114	267.2912
431.71211772	267.3103
432.711451327	267.3308
433.710784931	267.3634
434.710118537	267.3948
435.709452143	267.4217
436.708785749	267.4471
437.708119353	267.4795
438.707452961	267.5145
439.706786567	267.5428
440.706120174	267.558
441.705453777	267.5813
442.704787383	267.6219
443.704120989	267.6505
444.703454595	267.6766
445.7027882	267.7009
446.702121806	267.7138
447.701455412	267.7183
448.700789018	267.7348
449.700122624	267.7593
450.699456231	267.7838
451.698789837	267.82
452.698123443	267.8534
453.697457049	267.8731
454.696790655	267.9218
455.696124261	267.9729
456.695457867	268.022
457.694791471	268.0716
458.694125077	268.1091
459.693458681	268.1564
460.692792289	268.2203
461.692125895	268.2862
462.691459502	268.3434
463.690793106	268.3937
464.690126712	268.4731
465.689460317	268.5639
466.688793923	268.6358
467.68812753	268.7142
468.687461136	268.8008
469.686794741	268.8657
470.686128348	268.8784
471.685461953	268.902
472.684795559	268.9494
473.684129165	269.0052
474.683462771	269.0605
475.682796377	269.1217
476.682129983	269.1794
477.681463589	269.2399
478.680797194	269.2998
479.680130801	269.347
480.679464405	269.4014
481.678798009	269.4629
482.678131617	269.5218
483.677465224	269.5674
484.676798827	269.611
485.676132434	269.6714
486.67546604	269.7388
487.674799646	269.7866
488.674133251	269.8327
489.673466858	269.891
490.672800464	269.9542
491.67213407	270.0294
492.671467676	270.1148
493.670801283	270.1843
494.670134889	270.2391
495.669468492	270.3146
496.668802098	270.3827
497.668135705	270.4429
498.667469311	270.5029
499.666802917	270.5595
500.666136522	270.6164
501.665470129	270.6845
502.664803733	270.7403
503.664137339	270.7994
504.663470945	270.8898
505.662804554	270.958
506.662138158	271.008
507.661471762	271.0718
508.660805368	271.1661
509.660138974	271.2735
510.659472581	271.3615
511.658806186	271.4371
512.658139792	271.5014
513.657473398	271.5699
514.656807005	271.6465
515.656140611	271.7233
516.655474214	271.7918
517.654807822	271.8528
518.654141429	271.9294
519.653475031	272.0013
520.652808639	272.0748
521.652142245	272.1733
522.651475852	272.2465
523.650809454	272.3219
524.650143061	272.3858
525.649476667	272.4374
526.648810273	272.4945
527.648143879	272.5553
528.647477486	272.6084
529.646811092	272.6472
530.646144697	272.6787
531.645478302	272.744
532.644811909	272.8097
533.644145514	272.8695
534.64347912	272.9236
535.642812726	272.9616
536.642146333	272.9819
537.641479938	273.0113
538.640813544	273.1216
539.64014715	273.2389
540.639480757	273.2873
541.638814361	273.2778
542.638147967	273.2501
543.637481573	273.2329
544.63681518	273.2746
545.636148784	273.3181
546.635482389	273.3508
547.634815995	273.3906
548.634149601	273.4459
549.633483208	273.512
550.632816814	273.5525
551.63215042	273.5438
552.631484026	273.5103
553.630817632	273.4789
554.630151236	273.4674
555.629484842	273.4795
556.628818448	273.4906
557.628152055	273.4944
558.62748566	273.5019
559.626819266	273.5041
560.626152872	273.5401
561.625486479	273.6074
562.624820083	273.6804
563.624153689	273.7516
564.623487295	273.8202
565.622820903	273.8609
566.622154505	273.8598
567.621488112	273.8266
568.620821718	273.8107
569.620155323	273.8438
570.619488929	273.9176
571.618822536	273.9796
572.618156142	274.0186
573.617489748	274.0624
574.616823354	274.0843
575.616156961	274.0784
576.615490566	274.0695
577.614824172	274.0612
578.614157776	274.0462
579.613491383	274.0408
580.612824989	274.0718
581.612158594	274.1147
582.6114922	274.1388
583.610825807	274.1934
584.610159411	274.2622
585.609493017	274.3013
586.608826623	274.3425
587.608160229	274.4089
588.607493835	274.4668
589.606827441	274.4931
590.606161046	274.5376
591.605494652	274.5898
592.604828258	274.642
593.604161866	274.7074
594.60349547	274.7911
595.602829076	274.8861
596.602162682	274.9731
597.601496288	275.0256
598.600829894	275.0399
599.6001635	275.0535
600.599497106	275.1093
601.59883071	275.1642
602.598164315	275.2238
603.597497923	275.3101
604.596831529	275.4
605.596165135	275.46
606.595498739	275.4903
607.594832345	275.5118
608.594165951	275.5358
609.593499558	275.5951
610.592833164	275.6797
611.592166769	275.7467
612.591500375	275.8348
613.590833982	275.9134
614.590167586	275.9692
615.589501192	276.0333
616.5888348	276.1168
617.588168407	276.2054
618.58750201	276.3068
619.586835616	276.4166
620.586169222	276.5168
621.585502829	276.6302
622.584836435	276.7273
623.584170039	276.817
624.583503645	276.9195
625.582837253	276.9871
626.582170858	277.0862
627.581504461	277.1532
628.580838069	277.1694
629.580171675	277.1658
630.579505279	277.1525
631.578838886	277.1507
632.578172492	277.163
633.577506098	277.1787
634.576839704	277.1768
635.57617331	277.1839
636.575506916	277.205
637.574840522	277.2275
638.574174126	277.2503
639.573507732	277.2557
640.57284134	277.2504
641.572174946	277.242
642.57150855	277.2424
643.570842157	277.2522
644.570175761	277.2616
645.569509367	277.2521
646.568842972	277.2304
647.568176578	277.2137
648.567510185	277.1957
649.566843791	277.1781
650.566177396	277.1768
651.565511003	277.2065
652.56484461	277.23
653.564178214	277.2637
654.56351182	277.2973
655.562845426	277.3231
656.562179032	277.3636
657.561512638	277.4195
658.560846244	277.4388
659.56017985	277.4052
660.559513456	277.3678
661.55884706	277.33
662.558180664	277.3219
663.557514274	277.3452
664.556847881	277.3225
665.556181482	277.2995
666.555515089	277.308

