0
0
0
0
0
1.25041247543293
1.05058991808028
1.0327310239073
1.10173576074615
1.06800102942068
0.846720917865766
0.700384867047046
0.790763791507092
0.615765411957073
0.51151787818034
1.63742149107329
3.10058511742785
2.75447413877672
2.89631643422269
2.83100541588146
2.26304983074521
1.95451398432169
1.59182167950927
1.57348534854454
1.20368957774715
1.35905250644029
1.55981821712457
1.56690766626911
1.7118737939003
1.8838183799285
4.81221596725822
3.88050475794365
3.39719087580129
3.23901106247837
3.07730143140994
2.60740319005816
5.64121356277728
7.3017593177968
6.78876047767059
6.96742704541679
7.23483652658895
6.97218903798138
5.74649062848947
5.49406752383658
4.62998768243099
4.29539616475168
4.78774967611883
11.3293221419938
10.229595846831
10.4990927853479
10.7360071061827
9.3613629861618
8.80582285840342
7.60998145475153
8.02568329342632
11.6477659624998
19.9613107936855
18.5419745081947
19.2431063608918
19.5893067815947
19.2461460176283
16.3512677687096
14.2398677630822
14.4028724538106
10.695687886464
12.5619597636895
20.5981972883486
22.1390861921416
29.7548875083364
31.8789520056605
31.1956894503865
28.4548426206793
27.1607602144899
23.2768449004822
21.1168304159909
19.3624987272107
20.2810126441544
20.8096520349654
22.6050103363082
24.4756038241265
24.3468809424797
30.2522931635183
30.6443541475034
24.3392643070615
23.82873629
22.1807396001757
21.2761185663443
20.0116888394739
28.1963324385832
32.9528352198819
31.7402875630367
32.797427143017
34.5523214564546
31.6946484738221
28.7724812244368
24.5697777287212
27.314660157419
26.2004770326216
23.8982723566612
24.7058472495191
25.4420976343516
29.4585448718647
33.4086140866821
31.4421059947047
34.7980034613689
33.7169934632688
31.2382278850781
29.1672902622846
27.8581010256778
28.8968072002963
29.2400918881385
26.8002717681985
28.4771187523607
26.614190260645
24.8324425449212
24.7822336034851
22.1183807990927
21.769923425087
20.3387212201207
18.8485991993148
17.4663444565365
18.4348384541101
24.798684326777
22.5987515195211
31.8937513269435
34.0865321465115
34.137492334622
30.9100106462537
32.0755213698892
30.8908221582745
29.0110588656751
27.1626058892124
24.9621932709873
21.0481002421105
26.0652316538555
30.8568211722275
29.1575573052777
31.0251371645176
29.8539100970581
24.117586989653
22.7340940559149
22.2922725148164
27.5780336448476
24.500552871765
23.297704069041
24.1153263615399
21.9828127905825
23.2514783293842
26.1209476420185
23.1156048036131
20.412383483098
14.6111189060791
18.7617389751073
20.0335194408306
22.0217845400283
25.1464091245286
21.7772975757817
19.1987163726464
18.8380650064684
16.0005275310368
16.7016672448625
16.7251896026632
16.9682424351102
15.0500294486219
14.1355190449467
16.9382181867754
22.9416586038197
20.8917816091098
23.0668369493039
16.5187514357882
14.3821418418589
14.3313340605141
14.976709684207
19.9977556960899
18.6481530026106
18.3473006234672
18.7604454037622
19.491884945623
22.1804105459519
23.2589592307899
18.9549019970526
16.3319904887487
14.11399204107
18.9272561135016
19.2655120275389
20.522300176219
21.3792177070175
22.127319557695
23.2328237570498
24.0715995754751
26.5659610254054
25.5754803322442
20.8589006742484
18.0053757085325
18.4140141552763
19.8416511329627
22.09328746662
22.0572181485304
17.9897009953587
19.4894795218563
15.6669006962942
15.1881138834887
13.8048235524161
13.7590534000091
10.590138785919
10.3369799619984
12.8260201098345
13.9258746337581
16.1207231293696
21.343672738151
19.7758804770084
19.4264710110784
20.0280776397829
20.1089764624487
17.2202587154391
17.1409298471959
16.1369482975044
14.1806179307335
13.7322152763674
16.4303746416483
17.050326414952
18.2231030594517
16.6165940005276
16.2216576632332
14.7299413166172
21.5471567032794
20.897058854225
21.3542665911195
21.013775793865
20.93399963683
18.1552025013632
17.583808414265
20.8004265335507
20.916826145368
18.7535285056793
17.049115547187
18.340071857294
16.824522114191
16.8785599743306
16.9380958283834
14.3443570757588
13.1575112446157
11.5586207436407
11.0908287769957
10.7507242424354
12.8611944957496
12.1937471893441
12.8312069099869
11.8954379294603
14.4165589219364
14.8086475304339
15.3830365171192
19.6428477213374
22.0702228506914
24.917071399569
23.8628045688116
24.0395166905142
23.0588432568186
24.3408813717038
22.1489281369981
20.0133124922302
18.7466060140529
19.7765587405667
21.996582320999
19.2458420741715
21.4685958355223
22.2378837861839
20.8979338699756
18.6209242046408
21.0012184519944
20.1341862059374
20.5371703714042
20.4159973835972
20.2668627534881
21.7889664021256
22.7894432559257
22.7073223340303
20.6843018592451
20.1178286645525
18.6323718622504
19.2404873251508
22.8818505547193
21.6179857418506
20.3242924816698
19.260843235894
22.0680122209536
18.9426471565715
19.8112517789494
19.0766017707638
18.628151376202
23.2758878317831
31.6490707735769
30.751797362226
29.8948934765292
31.7825396745409
37.332890208356
33.9595789469345
31.0782398223564
28.9665810827528
33.909365790334
30.484787220128
31.3176336002412
31.8576573592053
30.8365493570975
30.8345558646497
31.7347799568196
30.8761677660759
29.2031359879215
25.2086409610273
23.4450455403456
19.7987552845939
23.4042933970144
24.4069406995182
27.8979571612033
31.692482990209
31.8033381442603
28.7388977934517
27.1770183430319
26.9117895483723
26.0531139273245
26.1088636563783
28.420426470359
26.2671319896251
32.6747940068216
33.6180087263178
34.7652878846667
30.9022888670962
30.3150202747141
27.424577039115
24.2811740371594
22.8998669984373
21.7456315816864
22.6136563105385
28.9634739728197
29.6910632542437
31.6757830835038
34.9266387273395
33.7293574439668
29.1161767119837
27.9735639270016
28.245330157014
25.2329483800618
22.209976250912
23.0916541682488
25.7826689489317
27.9025908874973
28.0534750603023
28.021304510897
24.484368520091
21.3926657293083
16.8252641036807
16.2348239875265
16.3482529794987
16.0010824800276
17.6553909906871
17.9441668815415
20.7486974817812
20.4222586674876
19.064110231464
16.8906597662243
14.4245045123132
16.0450257105737
15.1282446394902
14.1145492277666
15.016609773234
17.0798274864954
15.9300565220914
16.7268598842765
15.9496652989857
15.627748305665
24.2911511052024
22.8174059403683
20.327929104657
19.2768692598728
25.2703170155203
22.8096959728027
27.3032058154108
31.9497837674486
35.7743426099061
33.6803982202646
35.2497010222988
32.541107905112
28.9282689579505
28.1986032235915
24.0346693515904
21.2358142964038
22.1785825170589
23.2889382330552
19.7508331301222
19.5526262701924
19.187989173128
14.111566751304
16.8686811922298
17.4907116214545
17.3156819719438
15.6683096126641
16.095448680317
12.4890481047733
12.6738432465105
15.2456324143324
18.0809100917644
15.5789184052236
16.3398123968722
16.1339238157548
14.5323454964659
12.2267565126553
13.0141448365252
12.6434463760805
11.8384821773989
11.0974229751526
11.3467523792831
21.0198126745474
24.8841023865649
22.4562392355261
24.0050871899567
23.1800388789029
22.3574637960509
20.8323486755844
26.0303888007234
24.7111316963905
24.5406995053397
23.662026869903
22.0077498047414
22.3763455771807
22.2870979585856
22.2403609843488
20.328422806401
21.527827513857
18.869470981229
17.0371158964178
21.2262715895256
25.3202391766462
23.2173549361239
22.5611519931086
23.0683440393464
19.9757636697074
20.8270011303894
20.1716111932529
15.8576311185445
12.757734011162
15.4556122288855
16.72996762516
17.7915740361735
18.0920477784251
17.6459515531093
15.2310339518355
11.7888345626804
14.5605852726454
24.3663288902669
26.3678723570208
23.87562898897
26.3610817238859
27.2495869619436
28.2153485588418
26.5485402640436
26.1782762937316
22.5894375702218
18.5821966894118
18.7438779029676
26.7157455098208
28.0856550967602
27.3432891583326
25.4765987535169
21.8096868905357
21.4541712242135
19.8902417474118
19.3514264292725
21.4121844953159
25.7698703213722
23.1965891258415
22.7611294953779
26.663728970294
28.7225728319922
27.0067720453189
22.9329338265539
19.7913643913427
14.9999864410577
15.5069238616266
17.6334257647309
22.491581149014
21.6552690045413
23.6147845727842
22.6262310537031
21.1840964679465
24.3360673094788
21.6202906854445
16.9836499993877
13.8706924261051
17.9765416274144
19.4489761295136
22.6595801468421
23.5883663920243
25.5241673186699
23.0070895009027
17.9814463413942
17.6025369002883
16.8547419988346
18.85104359559
14.9194815431204
13.6297934439322
15.1249379608402
19.1136730505427
20.5544386010645
25.6574150914444
22.6894269380188
19.0747593098698
15.9213908641139
16.8258929267405
28.8182581208271
26.6165331814549
27.2334883678547
29.9882006730466
32.2127606647495
31.1699912772107
32.083712981414
30.6433128784061
25.9967330435421
22.1725926415756
23.9667423765953
29.710839742114
30.5252306076672
33.983586891161
30.9051062721666
28.1736086406149
26.2331322293026
25.7886585227944
25.4415127528329
22.6479290451467
27.3535678994346
27.212697811933
24.2162173789913
24.6595343885813
27.8523105431343
25.8537841464207
27.4733423867411
22.2842343597202
19.8585472610691
18.3254335915276
16.7771998862174
17.7604009470652
16.9646900827673
22.7521271388526
20.7414395466262
18.8897534439277
21.9269399897953
22.6116295305964
17.8549886341777
16.1858150262868
18.6928013583601
26.3881698582658
26.0704211885821
25.6962187889632
34.6383041458973
32.1032506752825
30.432073065587
31.4064417369722
30.9404517556887
30.8010699002022
27.4814270382205
29.0349946642825
35.6820379771532
38.3530759702907
39.383014654296
36.8275900756141
33.7920822081732
39.9871886640013
36.1652026446081
34.6584495593465
34.0340428498339
33.1152297267815
29.7768438630135
29.3404908172138
31.093674588799
31.5804370044377
32.1254567788791
29.8358567770362
24.9343938672073
23.5088950427046
24.6366091609653
20.0053996991733
17.7113669778544
19.275828474311
18.2037182809836
18.6421613288813
17.8970375024446
21.0604482741405
18.8674054892521
14.0931905779878
12.828323421588
14.6500218381335
16.4138059528278
17.8782304068662
16.5582463379757
17.7170412020819
18.3092268445993
17.9421412761842
20.2874298804987
19.4239213033424
19.728495246019
17.6974110201577
16.178267934309
19.905195545477
23.2940471958783
22.4374600605355
20.6739316445755
19.7369357435468
19.7684588381288
22.4807844832847
23.2454928050197
23.9558567214195
20.9092839451305
17.0740565079545
18.2255576682912
17.868406333957
19.8833767846106
25.3474027090995
20.5511182047868
15.6821845184175
16.3986805826004
18.6701783979662
17.0437697346514
15.1981603305764
15.4357656643086
12.3425692811802
10.6165308960271
15.672303111613
20.5946977388019
19.9058075648756
17.858565905136
14.5099802690821
13.7489095499974
15.2032472161575
14.9247250764275
14.6473141225811
13.1424690617374
13.2743040498999
18.6549057580755
21.0243499703274
23.783147512531
29.4018259425666
29.9350309609877
32.8421185264884
33.3580530459173
32.9962896939135
32.6546351962265
31.0089274493798
30.3100787661967
27.1918807566234
27.8618644516607
29.6742864422006
27.9102941758725
39.8847882590923
36.7092992132369
31.7593359716234
28.9691926668223
30.2782274686078
27.2743821697883
29.2105879652871
27.4317291658454
28.2246875406483
32.0862006949836
32.9201005511417
35.5845664703127
33.0014812446253
33.6068740604606
30.4594990031869
23.942977339607
26.4367637417246
22.8329644588188
21.8632195778959
20.2563179577436
20.091435216104
20.8265277988523
22.4249383704026
25.7433106020658
27.4092322586866
25.440506299722
24.551794535023
23.8312127639519
23.1986063497321
25.596985521105
27.8255234867714
27.7438261591919
28.4173440972104
28.6917354183257
32.0004627178115
32.6965889927271
43.8171558976281
42.9601102630971
39.8691505645322
38.9875144170459
43.6865189892117
40.2558898715748
40.2857422188184
37.7726963923456
35.8360285351077
32.3556753048117
30.2217780918499
32.5117548629312
29.1190650946441
29.5926115661314
26.4853773991027
20.9073332881076
18.6683178192489
18.1884827595387
18.5642664417758
16.5699458156783
18.5365117656334
20.762402676558
21.9648928197486
24.0073375386167
28.1348405275626
26.0477922987875
22.0251760182546
19.5589837798084
17.6226264201043
15.2176288427372
18.2979593825186
15.9711620988946
12.0383250666363
14.682052344595
16.1517048027054
14.8856471063299
16.1395077272868
21.5013066286454
16.9733232561493
16.1931732350924
18.8967639940128
25.045524796956
25.0021485852983
25.011055837481
30.4572100996385
29.8420978852943
28.3112708406375
28.0491587755916
27.2068979284903
24.0509077189966
19.4885714027722
23.1568295858487
20.7932819551567
23.6896455900504
26.438322173128
22.0291491800696
17.7129413002691
18.4051630198233
15.5487283671219
12.7528112520045
13.1013615123944
12.7201531629618
11.3023834218989
11.3191420526654
13.9080354515259
14.5824173677264
15.9344177618802
14.9388282038312
10.6729582171922
11.9368794105057
17.1511476885904
16.6279903947798
15.1465940280406
16.5381773697971
16.338739674277
18.2925847337781
15.5818585867634
17.2387786276899
15.4329729184415
15.6287022969924
14.499627734019
16.4143960611651
18.7433215677334
17.3086555844838
17.4647559751248
17.6065205618089
16.5483092657805
16.2440728848841
16.5201639590237
14.7967800491176
13.7790262027438
22.1997631282843
21.1571699765241
21.9183145761407
22.6887869227246
22.1791171828133
17.4957483824207
14.406143836405
15.5125911682898
11.7615393759667
11.1832216441534
12.2345481610968
24.5880763708809
30.1260581701986
43.9296556113686
41.6442810607368
38.5237988283278
37.4690023133029
31.9777150399618
27.2478186923184
25.8747557023242
27.735041968696
25.5072521578641
24.6392462554103
26.7312483355143
28.7396306065125
27.136064586661
27.7323182116707
22.3743969694829
18.7736273965848
20.6493877725779
16.6141134938184
19.6530651439874
20.9945471308483
26.9719270711557
26.7382105800959
32.6303871683747
36.1281693979819
49.4700125597998
43.0004191183306
39.1091751828932
41.1280389630182
38.3119275685647
38.6236484873524
34.4809826549039
38.8665585105964
34.0027332327128
30.6797534667281
32.5194838658029
31.6180946950871
33.6648861218221
31.7120824620114
29.4876013464549
27.184014104891
32.6928994832797
32.0169835801177
31.7811379920892
26.7478633110828
27.0102059477887
25.8741369713105
24.8802320330624
31.9359446553332
31.8113157104064
30.4485842421934
27.0759657084492
25.5710233090645
31.1495243728433
33.3141638123122
30.3054878440105
27.663907549835
27.984715751192
28.5221585705037
28.2273160278531
27.0847068591491
31.0232924984513
27.5491265898438
30.2858182636594
40.3075647808774
47.4430588492956
49.5941683086403
48.6136347607999
42.4286146710338
39.1183163255365
36.8338011437656
35.9360286299811
37.0876916291629
33.3692090309642
36.1371356939597
31.0542200588295
30.8816858839619
40.1530695092071
38.2034542124504
32.7921365376438
29.4984464805027
25.8319322767243
24.9401059686612
23.3875533904061
25.22108559602
31.5382956808098
31.7234469600347
34.9963834967678
37.6774279940211
38.0141021193313
35.3895693333084
29.3645274220569
25.948363457445
22.8587094256878
24.6209046215259
27.1915133460222
25.8052176388184
27.6010736404554
29.8332418777131
26.4071133185692
26.9179798670907
27.1096650113395
22.2410156479967
21.0946314962381
20.3892728398758
26.6165893687996
30.9196177412978
29.9181536544601
29.7400542679024
26.2217146955575
25.0690329802937
25.2157198785885
23.0578492906691
23.9505976885138
21.4284731429269
24.9843821384159
22.9406474559727
26.4347413899842
31.8589482617126
31.5153923632063
24.5406703480908
22.4066937648269
26.8105786229847
24.5237291476959
25.3009042784741
26.9207988034408
29.6795164865349
27.3406202698123
30.507007294342
30.1798827491347
29.1204743540601
27.5397978390243
22.5925314666522
20.7074290132983
20.5963013245689
20.6946169987034
19.3528204250523
18.3716332133472
19.6829325521169
19.0219490442695
15.7300111188292
14.0498204693558
11.7114665388188
12.8478608409101
19.142202554437
18.0825301072043
20.0080020036866
19.8961597221384
19.7555249404699
18.2596757583618
16.6310651857366
18.9281659019994
24.9148121980613
20.7753000576843
20.2499011121452
21.0176798000833
23.1326521932223
23.3262523701116
24.3938613598312
23.9511593320211
18.8148413830994
13.7589907311307
16.7819913807307
17.5133576028566
25.7116599265682
25.1153876560466
23.3062846694196
20.0849980010721
19.9367554357713
20.9018249579864
19.4632882084681
17.4153843289646
20.1181256757459
14.6365431588738
14.3963907867963
19.0374494028281
19.6874307220592
19.8264127872097
18.4759493617213
13.8530885804558
12.24596126915
12.117566072732
14.2708547858529
10.6963675850969
11.3155064560961
14.1883047061952
13.6171326370236
20.393057283437
29.7143571520294
24.540897367869
21.9759786947029
19.1939700962819
18.7304299505073
19.0236133659239
19.7613642133267
19.838752343713
17.7475656255894
18.750647546454
20.5966876657357
17.8667197643112
17.6296535417277
17.7926899223749
12.2174880053861
12.0948411327311
13.0314296147173
14.2658674594718
17.2426571206658
15.2963424703632
16.6743721192385
16.3175550140529
17.5523514889089
17.8757992052464
16.0886668679729
15.9420095945115
13.1255514206533
10.4950651545189
12.652796160575
13.9906690962749
18.7030251169067
20.8087501217763
20.4068226188633
23.1992749979451
20.9297681448483
19.4025853668191
19.2720192820571
20.3673455858478
17.6955659610565
17.6529432520495
19.1642863556116
21.6242643254842
20.6014798872307
20.2019980795013
18.1546751973075
13.6594507669306
13.0996595293744
11.6441384344872
11.6836816764634
12.0085359378166
10.7631731826572
10.1730889043866
9.3065091327467
17.5385635304473
17.184329458311
17.3698504374298
18.3955898284368
16.6551441144465
13.5499654550265
13.7640554215667
16.5069793568452
16.6149307765573
17.6327356361306
17.9481062482451
18.3280856697751
19.6649721375989
20.8612823988339
17.6394577508022
13.4817443978994
13.7906221342443
12.7448689462858
17.1558445654524
19.0186484699365
21.3606094985092
26.0235317136703
23.4062913906109
22.693555280268
25.0579121416536
23.5510823170366
21.7173408714766
19.6090085488854
19.1067500486333
17.5979409297135
16.8487847163632
18.9568186028776
17.8671677154794
17.2583674342414
16.4755529464415
14.3572510531979
12.2056898798993
11.9222991435409
10.7033416355635
8.85092131160708
9.22800402263889
10.0307360420765
10.9950378047472
11.5512966783503
15.6291959047312
13.7973181552133
12.5623923360114
12.2272509254398
10.6117084413413
12.5922167061841
12.294358080731
12.2177584022343
18.2203399577676
16.2372399111317
16.8939441696547
16.8588884103285
16.1676582265725
15.9019754847741
13.1728066948338
12.7438448513162
13.5878764997385
13.1080066498214
14.3113765317435
13.9092261773473
12.901004364041
13.7338223945044
12.7295481741448
11.0397256663746
10.9400328470771
8.24755096676746
8.16587525692526
7.06494497004629
8.11740296038127
10.073780866077
9.27982515556133
10.2256890298112
8.60031029418206
7.99816833627506
8.00581819799009
4.43504326666188
4.44328440608989
4.23796925572379
3.66961117333512
3.64467863337441
4.87381367399008
5.72253191301913
4.79837895900106
4.35878745113102
5.62332599285484
4.88977317169751
5.01760746889416
4.71798054360817
4.19176741559249
5.81561245419619
7.10902214985457
5.70595036711215
7.06176415473597
5.05052999354181
3.77943803163606
3.9177304610901
2.93651181501962
4.86098147030542
3.87901717758344
2.22144916542205
2.04627275319315
2.81243621677912
3.70832500195989
3.06208595340886
2.68475162914861
2.61844111139234
1.15183222664443
0.678134843070011
1.41258488981496
2.26027609584927
2.01861073343935
1.511963013718
1.50165324623428
1.61220498045631
3.29674868584734
3.0525300623401
1.34034195931248
1.18517863502838
1.57557931947609
4.4020803623123
16.6181151267568
30.7207615302055
27.7137520813789
28.2372188025907
28.9636057506997
30.9388505482181
29.1372693486697
36.2118663991992
34.0623894317409
31.0623918284317
29.9476300433521
30.121207704279
35.5866021433019
36.3647916384758
35.4535342696358
30.0388099375796
25.575462301443
24.5006934907918
23.6805152315791
25.4839191751588
24.7555738235573
24.6297802130089
22.1647627427885
23.54917090799
26.0893447253494
31.2355819153696
29.6879547672662
26.5602113476758
23.5976278542158
25.5446942318752
25.4795719533227
26.4150565234366
28.7921309465046
27.9680705591251
28.2687277811275
26.9984093358825
27.9207634523936
31.2162428054743
31.2802218909852
26.0193167466358
24.5875324787124
30.6903188966442
35.3383041659707
37.4182832878104
35.4861545079766
35.5749697736439
30.2561004569899
29.9045719434443
35.9303198968732
38.3102968844903
38.4891067948712
33.4557837441523
30.1822773771897
37.6000025822193
42.7601802806896
42.9782137266024
40.0360771746785
33.9312937102696
28.435574675214
25.4110308176576
28.9601199537244
31.5149138722512
27.8668344582691
22.7497246237
19.2491141309376
20.2062795273993
26.9048640798376
30.0574842391129
24.0476002629188
20.8204715919155
19.9267999553133
21.857503739908
24.4295320709372
29.2563423486949
28.6911520865802
22.0640311409086
23.6844321589982
20.6849738295035
23.7938430930734
24.3221352845674
21.3508782058947
18.0603028194077
17.4972918797318
17.324948578937
17.8461924490879
18.0200593514395
19.9363327542031
16.9886011354516
15.1726508882931
16.1835551814594
21.6099329001463
25.986150483241
23.6634385995662
22.9894261689339
24.3043949279529
22.8601898680702
20.2841422148871
24.2765592962118
21.8674632186269
24.5328662462666
24.6081103990432
23.342954168461
23.975346243236
24.7131692219882
23.2028899028414
19.3036575669478
18.9266161305297
23.8920381903965
21.977681331042
20.0824870024864
21.7768969769866
20.1607768354489
18.757284586474
18.7044182912876
17.9062354029711
18.2842079432957
17.821039147877
22.3635014871724
19.1456402886982
20.5627271142353
22.1437143607358
19.8013056879587
18.3672845971284
20.2215744857116
28.315084284185
24.2255984654107
27.2158922276921
29.0785180943895
28.9428245673686
25.6652991992152
25.2020212801923
24.7691656928606
22.1485917478972
23.1228362592977
20.5077881377875
20.4858269896113
18.5959621981657
19.5079231366673
20.994535963456
22.5621684668406
26.7283667859722
24.0321490495751
26.6264933973737
39.08990047138
50.1389104163538
47.3714701717663
47.7822334469093
47.9400617982619
48.810454793737
43.71999528512
44.1052092042747
42.6022129800844
39.6229188405087
36.0421706062458
34.0329513933593
41.8156811905427
43.2061886741793
45.8897822575317
39.5677111522011
34.2371227338445
31.2262032145623
27.9494714485575
28.7447545435414
29.680977842974
32.4519463022523
30.7422165089845
33.415629723304
33.1502218070348
36.3437511638976
32.5013229077199
25.8820425813327
21.5897209136048
19.2531783017838
21.8224182104306
22.4490144460542
26.498712441533
26.5381467444434
27.6524417132505
31.7094654886614
32.313236301805
34.393084127109
35.1993058887963
28.4568202688623
28.3707040560463
31.3932953942716
33.8954067530678
38.4129611668262
42.1722476682557
41.5380064769155
36.7351114537685
36.8081801863514
37.9666515826028
36.4740677333396
33.8452734740418
27.3322083072207
25.4964825753167
30.739243122653
37.2289563076238
35.1614023542711
34.8177619375525
27.5593500803401
21.9161635710363
17.2476818683775
17.9420869637803
23.1482711305268
28.7168426834127
26.9927137507928
24.9039003786889
27.9841437938447
32.9918646101801
31.1869103242772
26.9616844703838
25.1299457223329
25.2103999965866
23.2417140188341
27.1347869212186
35.1336181832846
37.9595187099462
36.4749802889957
33.9526315752484
34.1692987437586
32.7582105247461
30.4354279080744
27.5870558415975
25.8295056451367
25.7724113571413
24.3037350633838
26.2561946172564
29.3914600479829
30.5350806605824
28.1413833807546
23.2622030240358
18.282821441174
14.7009554189653
13.4837100825777
18.9808066430028
20.9183627197075
20.2019185214153
21.2541319404307
22.3304326248784
28.4056184964951
28.9962410438464
27.7660209099861
23.9734883795576
21.7368855082482
20.5743234026694
22.4488371348474
31.398422002247
29.5281767249362
32.9485436804456
38.1595925711687
35.1434218426216
32.6310500872192
39.2851043550241
40.9770231801491
41.2467820928123
38.7277578870134
38.5585753497575
38.9972146449134
38.6902406798236
41.7945071755431
38.8557363702662
35.2847655838457
31.2114079025711
26.6490792015659
26.1771091301287
25.8754535486485
22.641373818915
20.2888709745571
19.4543305992079
18.9836801609999
21.7808525256304
19.228462868922
20.9920007336724
19.6755055211451
21.8846090995471
23.0362966022162
23.0200467802662
23.7089627228405
36.1854964618808
33.5240656374873
30.5494000545068
29.4825256110146
30.7705575465813
29.3062733819889
27.3983021501549
29.8775454820217
28.6081898335733
28.3757624216953
30.8094220587767
28.6248250789148
29.5592133268468
27.5384833348108
27.0632320548625
23.9089466186987
24.6113761554461
23.7541015637784
24.0336906034493
20.1002772013425
22.9046716058956
20.8195184225556
20.2414907874988
19.9269438251086
19.4734059287205
20.6479891628255
17.0856962618856
14.1107971960004
14.0696512945345
11.9947765425402
13.0289819878368
13.8045246114736
12.1330303881731
23.5877314138018
22.9743931727771
21.6364150826755
24.4444482678045
25.2339848483649
21.6252501716752
16.3646697402298
21.2218826721739
22.4265704606952
23.5726149742532
23.6292663996292
23.9279893255183
19.1136651435873
18.5275690017273
18.8080297568223
24.2250472343585
26.4038838722342
21.4358671103484
19.1724136619971
17.6340403672248
24.28346768334
23.9206315826222
23.7726155455553
23.5993353817898
22.1611047897925
20.0171375384984
21.2720997391059
19.8125100015394
20.9946865429195
25.2315335448132
27.1800296702244
26.0697190598282
23.2654462287151
28.8848521803784
24.739008456657
19.3183298961712
20.9688880787716
19.4520621213722
18.4703432488856
18.2378861296026
22.8433348802546
24.9461486143904
23.7519874896263
21.0108174157062
20.1539545734095
16.1588886675532
14.5342754931451
12.4862081813041
14.0776737731821
16.5567834369028
14.9054310432625
15.8961079790961
15.3349756063783
17.8678195056688
19.0447534316558
16.6337189248359
16.2243732910854
14.7028357707136
15.706409511237
16.1057067368556
17.3265234677151
18.6361156849494
20.3900586612269
18.2301092621011
18.9385179981276
16.9590214114569
18.8630639220415
17.9457551545969
14.8291424621569
17.5813128919546
17.8068230611974
17.2373331050194
21.8108393879887
25.7285649947679
24.5123868236021
25.9404475023738
25.9895516456134
23.6168594533725
22.24144559946
22.9784641176615
21.1657361862054
20.1811247715705
20.9013249756725
19.4821880737932
17.3339406495937
16.2988256767971
16.9805043324384
12.8479407860736
11.1962478578872
10.572932290465
9.69113039422442
7.75589231535105
9.80756528256321
9.03367635104656
9.24820462471705
14.2314268223098
17.504963206186
14.2226355610716
13.8637876434333
14.7696570195699
14.719162963507
13.5392363020258
13.8397219005446
11.6932585605421
9.45405420467328
9.6152296235745
10.204109446136
11.353822414145
10.8987245256283
10.0597751544641
8.38036425124909
10.3755874695012
14.6238049204282
14.2747248614869
14.6809756996303
14.2990391557958
17.2830425249031
16.4332708909348
19.2246609631998
22.2345779932358
20.5359477480941
22.3357230544373
24.5903850303527
22.1397258197072
22.8937054148937
43.7746747506829
42.7648340636769
38.4995612814627
40.0749931461115
42.9821686396063
37.1441190861729
33.7600235205267
40.3676562427528
34.8948083012265
29.4491801326904
30.0055736420924
31.2601928461672
30.9186894249897
32.1138924453489
34.2766739028598
29.67855775554
30.9884443024666
30.5086687428464
34.6925079635671
34.8811212388872
37.7893094927114
36.2267838406348
33.5160794163971
35.1751912277455
35.2369597897691
34.3128148101924
31.4765933827486
26.7260112832301
25.6482583095591
26.9794861860602
27.6062277895403
28.0208881810681
25.3712161825336
26.0610805697971
25.2209685709702
23.4263916415125
26.5482646462079
32.8102388908756
32.324626733938
28.3138731956563
32.9102652654112
36.5492284093238
42.6319754046108
39.9388096381706
40.3221173855282
34.2090811759204
29.4088822433282
34.6406882730798
33.9607617833638
37.4694993269342
35.0495796177346
31.3283109699677
29.369004412061
31.8981037798241
34.2233617286677
36.3267511228978
33.8060705803401
31.6500423734042
27.313546406548
26.6545098948704
31.9351557588807
29.6841350989372
27.7026698736907
27.846976183054
27.3649496744643
26.0819769869758
32.5499643400011
34.5769556290832
28.2560678364979
22.3993378633139
21.5865127148935
24.3332471936463
29.1180192797952
35.3919916119161
29.5587350280056
30.2860625039383
25.9322575227439
23.0851680124149
24.917149434916
24.0955198410697
21.7235217264844
18.1983595928777
16.5985221175879
17.4045168063304
20.3229300013511
21.2676225251798
19.8072905874946
15.7200426944215
16.7378427371709
17.3480596500832
13.889257301602
15.5340695765142
13.3614139817837
11.6968016619102
11.3004767624615
12.8859424011391
20.2226094862523
22.1080118944313
19.6563843534897
18.2226706096797
15.8991104357219
15.7268774318185
15.0985290552133
13.9459053917445
16.4451789779178
17.2788879346713
19.8880706748044
20.2948185866859
26.0568549973906
25.5169216616249
25.3586265431825
23.2786136449907
24.3552578090506
24.1612771745414
22.346370011774
21.1409393032983
19.7449469434382
20.321961657769
19.1092368384585
18.2294543017342
17.6505529483488
18.2771628095672
16.3738270292921
11.3777261391892
10.348924814173
9.54349244003583
9.81958633218592
9.75098889286092
10.3502719896118
10.4601844326074
12.7064168316072
12.3150035891789
11.4678491017504
11.1830484420028
13.5933020391537
14.2791208227277
17.8361548171546
26.5923539833021
33.4396541111803
32.0643233562777
29.3118981549549
31.7066461805201
31.3479840821881
28.4267283338763
28.4207790941585
28.6366235504038
33.6821107222355
33.3833851292005
32.5467985977545
30.939919282454
30.7276067998936
27.7887823828881
24.2333347245569
21.6821680739999
19.5771318987499
17.1592802372097
17.2927010423895
18.4851252598524
18.6407621841213
19.752434340752
29.7669760629436
29.8025238827161
33.2330753517995
31.7082336680841
28.0935159489797
24.1316783030479
22.6555310300507
23.2749785726815
21.2897619060901
20.7696488588031
22.7395761811865
25.8522431575003
28.2703724645462
27.0500886411014
26.6775189560223
23.6298197477934
22.8728630217953
21.3331680515831
24.8009998872065
27.4989209570393
28.8941623255465
31.4231160592844
30.8850744260597
31.8923015260025
32.376994400333
31.7819452063685
30.0783117691846
26.9825134695195
25.810042810374
25.4897059148433
26.0755156843168
28.3014440884818
26.5724635786015
25.0067778422243
23.2678531715701
21.7741422684466
21.2108645429025
20.2343746088364
18.366641677697
15.2066473644784
15.9871336510372
19.4191401590692
21.7996141168392
22.9443860798993
23.521496036124
19.3029907104626
15.5614456951911
16.1665536428417
15.4604707497865
17.4568875269529
16.6960645505858
16.1085041330292
19.8524877869199
19.9128143671309
19.6406907571238
19.5160629192726
17.4517909389206
15.3146894608435
12.0139363901925
13.5425490576228
14.2121690237375
16.333629374646
17.2185320843082
15.367329042866
13.0443804368519
16.6183370350797
23.6313986704525
29.2502972605766
40.2275807815401
48.6515981845879
45.3950980113279
44.3600529567583
43.7314738329388
41.888378982009
35.9928846088909
34.6605993598852
30.815993465651
27.4743085820324
27.9923611646867
27.2292947193324
24.9813032740388
23.6480984467939
24.7335710932962
21.2129522668505
17.0750712054148
16.8164975429079
14.8632454034181
16.5677284136819
19.0133834445339
21.3004612691784
22.411038002136
26.1368743303655
28.6421348659601
27.8038758532053
26.0252347848722
21.5627462851282
16.8557168539188
17.4282820303469
19.5343395476025
20.912652181761
21.6518859194684
23.7700565280169
25.044622820548
22.4099067238539
23.8183351780089
23.7863028298328
22.1517097906473
24.0544296208739
29.3377200653529
33.9161656431949
35.7607667481764
37.6733873120916
39.9520167354428
35.9013945861227
31.1086426550711
38.3333472311987
37.1360529442664
39.3658778941801
40.3008042152623
36.5299680939441
33.4723610827531
33.4511849478182
35.2424879611239
31.8847960122447
27.0066513964229
24.3190028387745
21.3717320337621
20.2203626825334
23.976638368718
23.245153810523
20.2670500838812
20.4104352769221
21.4401415902508
26.7943898737315
30.376735881693
31.459019029611
27.7572537735042
24.978144156891
25.9239305149815
26.5947204498773
27.8266812737373
35.143942993886
34.5033669837493
28.7893907697744
26.3547925822515
25.0580626163209
24.204381968582
21.8009894829158
24.1926215131496
22.3515025513593
19.8804911673974
21.2362644037408
22.4398989120324
30.8569471129941
31.1548120143555
29.1479325022893
29.6907714831818
31.7216512334749
30.3700859421289
27.5786995121506
34.7572213305252
36.2861381446323
33.7595974346286
34.1985121894293
40.6282518642163
36.504224682237
37.4402526148969
38.9316485132311
36.9244805846284
33.8701517548553
32.7684956535966
31.8256376936402
28.4221591445726
26.9504807487456
28.6663322678326
26.7018826818034
27.4500860340518
27.6732399987359
27.0388402932544
24.1595929629308
21.5654185661726
24.7691765027741
24.7737390899722
37.1858046621725
36.0440108667447
33.668983147641
34.2302037693327
41.0976404369513
36.8418079844265
34.3171746735953
37.4243534740536
32.8456980432218
27.8095462946371
27.1519503586015
29.8605695998487
26.8960041784968
27.4334288836453
28.8261973386517
23.7201240044675
21.7232871797567
23.2581888148105
29.3587875396467
30.0927767953642
30.2504440871431
29.0401551085293
29.3547327576464
30.5170788470761
46.3172027343777
45.2229034298656
43.1111542194737
40.5737882865811
38.1165013385253
42.2424967550756
41.9986124063501
51.8615921897616
50.1600337747932
47.9018813541687
59.050436923514
75.1553884219856
70.0079238801725
71.7056232287505
68.6383222269423
57.6874396615349
56.0714612415654
55.1214370290964
58.7020568269244
59.9828273100878
59.7970969164445
56.2306572792004
49.7632213869408
51.8597292613035
52.392599010304
55.0861777274984
47.2313794907225
43.3578551207373
38.117278610019
40.2318751750383
43.5129964487693
44.1450929536277
40.5536646372187
40.2878750193536
39.4941216833642
40.2652583926408
41.7497157084741
35.7571115079355
27.8265964171444
24.4419998516099
26.1431253397512
33.732556361361
37.310849020576
37.0036661771944
36.6396228382553
33.2361328901265
35.8660257938343
42.4005716741909
42.3788426543322
46.3187350650613
39.4551312426072
42.9320562354497
44.3614488180367
47.4362149866893
48.5159008593374
54.6969239511213
44.3780698547524
40.8601032248144
41.3991814238027
44.1237122250821
47.8787956256356
45.1765068360851
37.3905438865006
31.872391146141
34.2680192451227
43.4659607235079
48.6418241832001
45.6093528015459
39.1609143676792
33.1643224715688
29.5619765023574
32.4277706810408
31.0098074883758
29.7589202451842
26.896992262333
23.855272515737
23.3280331800989
28.9146105653829
28.3261622047476
24.456917265371
22.5706655319815
26.2045909188075
24.6575164713748
23.9086978928105
26.1060624785184
25.5732008812919
23.8853910730408
22.1886347239535
31.2627162099777
35.4193177547286
35.6523901031953
38.8597553560974
36.8430566300127
31.0365635514889
30.0078936865648
30.459217554054
29.2278271632736
29.1695670882395
28.119895688279
27.640326812146
25.7593926636045
25.1033558233182
24.5092093597798
21.8615470149629
20.0169932728714
18.3561703595349
17.5388435178279
18.5290449756421
18.8869297060768
19.1575211719172
17.5495466589652
16.0502633216339
18.4885194810257
19.5994141741883
26.3395558531666
28.1316300786729
26.7044971541823
29.9097497605518
30.0361917204603
30.5896671404884
30.636797453025
32.0005565997404
29.8393272168916
25.5387111955677
25.2906107457127
28.8439808660355
29.5986163560272
31.4398728323198
32.6198194932133
34.0471863857042
36.9460546296516
35.543752031835
40.2310514877157
34.0653691215132
31.4529414527175
32.4738583294245
33.6588590986207
33.2761740523758
33.2364978161075
32.2342609396122
32.2798025529033
30.4990232050912
29.7350254734101
26.8492901159077
20.6729493293239
19.1149207790666
15.9701403111924
17.0451039325379
18.9842427351461
23.903887323428
23.4069268426677
24.6192821240517
26.6653060395246
28.1341283772009
28.9898845028262
30.6400088558091
29.9934784435199
26.3164161574251
30.2386032383673
29.8327675915495
39.0638428335789
40.4411408998717
40.0874397053338
40.0155864160319
35.3166878910383
33.1780070439155
28.5493755294772
26.9674337005186
27.0930082210529
29.0878844259181
27.8585522258619
27.308381928098
25.5711990080053
28.1475234914314
27.6881667734955
22.9419111757031
22.2702833693617
17.2380270598031
14.5426130865615
15.1182086844011
19.3902098142221
22.0258653143856
23.4421628483609
22.6836419010367
20.8502978472367
20.4167134090168
21.9761626268196
18.4492156281852
14.5342921985114
16.3924432759058
13.5548056326826
18.1968379463261
23.4575360006954
25.6758824448495
23.2988766057779
23.8360634369528
27.2469232141505
23.5761982558155
26.3143145233075
24.9815493815046
21.3961230707724
20.211157724266
24.3600542939778
23.0723212423992
22.4227598312056
22.605272282823
19.2090502401738
16.2143938585275
13.0860622837404
14.3524921527191
11.5787629789077
9.71343935632479
9.61311544955544
9.33857040043018
9.86576304662402
13.3574067632481
12.1088312188578
9.17938075804119
7.71449630575035
6.26188737548226
6.80925429953796
6.91871981719742
8.58082446437144
5.64378308168733
6.78929645395589
6.54607691222573
8.21226937329986
8.67054499226684
7.5394175886961
7.2416949371947
6.53460574865001
6.88964552888179
7.71993776828636
10.0365037412042
8.29561909325167
9.9180696926493
10.6353152082016
10.3528820319886
10.0720462489031
10.6651571322289
10.3397985715953
8.94453449624898
7.92846212136157
6.58298371024696
6.65040059538614
13.6546566222544
15.5126520453659
13.3750712330004
14.1163579873452
15.757273604359
12.6004298461833
15.9227895175794
14.9709922100621
13.059155776705
10.4568104350973
22.2357136916097
23.0888182456131
22.5343373158414
24.4315386723851
22.447706012622
24.1121032654621
28.6720336897118
28.1660956017499
25.041886195638
22.9190322525976
22.9469674034003
20.5427047379088
19.9214244607863
22.3019052082482
21.3177096317501
17.5252435147507
19.057754531935
16.9689914247801
15.1703773510614
14.3055839572046
14.336485039209
13.6486422439913
12.3700729344687
11.978496963105
14.3197969993508
13.8423259267457
15.2271614244387
14.2197918265374
16.4243247920567
25.3524273828842
24.9812594418008
26.3838348114656
28.4989543545923
29.3353013088724
27.3856581728818
24.2732898134604
39.8990582283414
39.3385352977519
38.0243189134069
38.5120248976634
38.2080155744704
35.1943171248655
34.8996388984359
34.335609562236
31.1129090440668
28.58103257855
30.6801327903138
32.0280255665112
29.6374078218382
36.7302972411843
35.0621122436558
26.1099951569062
29.5739495666011
30.4670980740315
30.6290837977366
28.3696734865078
27.5064781681851
25.985010960496
27.2502290267954
31.661446865656
34.6645501117602
31.8704705492616
32.8219334329496
25.410066734914
19.0844542544993
25.1869458713157
28.2536827838522
25.7059602246002
20.7686227771946
40.4940801909462
45.3254676906352
45.0439915383153
48.8391642852909
49.715135607652
42.2222500458598
36.0153065446201
37.0658124901836
36.946400968075
45.307636132522
41.8690628056583
45.7787398285008
44.6042711989794
45.8913352519318
45.9354164562389
36.8313450171496
39.7898606541763
33.1706232592051
26.9444016615736
25.3910148623694
30.4288022102394
35.8050037123437
36.6782078587132
35.2981525191763
38.0485952648076
38.1191169435936
36.3254560123527
31.7218057748458
22.9910438173353
23.9491847122638
24.8761227041143
25.2722595834544
28.071949734561
39.0262315525944
61.4236342189124
55.7419732588956
54.0307012426411
57.6543944566523
54.503070919245
53.3943953816129
52.814434090546
59.1958043608396
62.465927129451
59.0784897294448
59.8854275464378
59.1009509856756
56.6028040845002
59.6871356542808
52.6443505706928
52.0171249936617
51.3564450109965
40.8812602440357
38.567627863449
43.8989948627166
45.4553977794013
47.0909474205753
42.6739267203314
41.9322545679392
41.3639751889563
39.7437327264398
46.1326279032687
40.2840138956431
38.8668198010053
38.8295258746159
37.1381713333234
39.5726273601768
38.6913843829392
40.1149790896579
34.9029355897381
30.4533843219568
37.1246905317784
42.5514502807932
40.4630005545229
38.4952915944003
37.2948443332984
44.9492544159553
46.7218402254012
42.8812148554757
49.711692895996
41.9742166256529
41.8229370019014
49.3548235924884
56.6361926213235
60.7988532535072
56.1442436844425
48.4265607024217
44.7190703044334
42.6692837365459
48.3282286143538
49.1250892359331
42.6489425324761
41.3950219936079
33.5943974146615
33.081677372079
37.6886431177871
34.4559524745908
32.4726352701954
25.2247194828123
21.2373643742214
19.2337935843835
26.6972523306359
47.0821938602916
40.3465766550633
36.3388294071726
38.1207203331193
37.392189720274
35.7128221143295
37.1886940567148
37.9021073921126
33.4938203622917
27.3576565647079
30.440492057599
38.1480304429991
37.3315826768901
44.7937539921897
40.2779375072672
31.4752090030958
29.5308842248825
29.3546935454277
29.8002249908401
29.5303266353706
30.329154712893
33.079655805583
29.3843333428949
31.0170379311869
33.0421222557326
31.0646372781585
31.5388481035549
23.7056173971965
20.2515486886774
20.4753735299743
21.9500197461268
22.235537056072
19.9461022305504
22.9293987306176
22.1377991220003
18.4675432695285
26.365847040352
32.3862994140398
30.44269453982
29.2245584580519
34.768343140896
36.5354658553031
35.9440619568201
35.4782682623959
35.9343090153406
28.9729956077176
28.755215525679
32.8165056256787
30.3993343698379
32.1430385311521
31.6527593530658
27.110480016997
24.0260796260336
26.1854623711213
31.1465611197578
25.3609857421975
22.0440818186869
22.9884147509309
19.4795036713509
20.7252307903983
25.8562374231975
25.0310179621123
22.3388702383141
19.4203332494284
17.9521852974278
14.7968753545379
19.7175228676593
19.9477438964123
13.6584962415729
14.0758665791359
17.9070973117774
19.9218809351251
20.0592153130847
24.4058471366027
21.2349843792562
18.359819502043
17.2395603241697
21.4113618184542
33.9931349131832
32.6421295552732
34.2036666101687
32.5632854004252
30.4555860727872
29.0590429359811
27.1215598175288
29.8583325221908
27.131210392776
24.6388523734779
23.0409326590664
22.9250966511476
23.7858693068663
23.2710327717332
22.1729602677854
17.6581607929444
16.3126529843713
13.0978276937598
13.2525494663361
12.50618661052
12.7062541969029
12.9978547859759
11.636247290141
12.9199685107469
17.3904500620527
19.3343610974446
17.7970443523057
15.4312823305187
15.6374969094092
16.7038240433664
17.4498378914083
23.0430982500133
23.9638339775831
24.2476858987184
23.1393935627145
21.637232935924
22.3544259272215
20.8590539822776
19.468703799145
15.8982163421513
18.0049998961413
20.5999769053582
25.338410361431
22.6368521164421
22.098852889677
20.7093945628705
19.1669663284036
22.7491448570023
21.4003092438193
23.5647492757465
20.0469754355797
17.139270369115
21.2720339038128
23.8863761661473
26.2282159978912
25.4789842370502
23.7954460842484
21.4321792436086
16.9443290848284
15.3009816718167
19.7631854349274
20.2812231158903
20.8303282128441
20.9200241201084
21.1082086310136
21.9045728156183
26.782720474801
24.6479568636212
20.6400182018391
17.2449780346333
16.3855747905832
16.1923527619023
17.0233767337636
22.074273490268
19.0215849697633
20.9016480234445
20.7897161416299
18.8272178956892
19.6532174646675
17.7834350719145
17.5116329962367
14.6845476072878
13.873835507183
14.2639323098258
14.5561922163412
15.8369668805179
19.8870250247703
27.9682916929371
28.3632491156251
27.6326509331793
26.7412188884308
31.4804070712996
27.3032802559382
25.2339357583469
26.4946446490448
25.3497862615415
25.9807005577431
25.3120492821846
24.7727754885492
23.7788586259868
22.0930248427345
22.1015726333803
25.4657928949792
31.2333835556777
30.1558962552362
28.7830402377136
27.9123766093157
28.8246174021563
27.8678491229079
26.4888415430703
24.6173895891175
24.5565195867866
24.2690757836442
23.6213498434419
20.842684557149
20.7141090516761
25.5580169819432
27.7220768006012
24.2535817351465
23.6877057993338
22.1131930881173
35.9238050054529
35.7352774226697
36.2917791750129
38.502343471258
37.6799582263362
34.3169569513094
35.5748964776693
38.4481781615995
35.5291454459369
29.0153037916487
27.2963851724683
26.505095554961
24.8114409033628
25.4940266842468
35.9253667601981
31.7418701877059
29.9528609058224
24.8479097622799
25.4351356271218
26.025359635572
28.7031605224836
27.7457759360767
23.1656391685742
24.5128300071708
27.5846066589209
28.9970247575519
29.2996905007278
23.6908845432953
20.1643567060336
16.5215125549385
17.3922191094228
18.9385591649139
22.389471349483
22.2070864495362
19.818941868374
18.8310480397613
27.5724428937667
33.5969311033898
30.9422096520726
29.0383723082709
26.2617932505265
24.3791497104486
25.6141089473098
23.837310464674
25.4806418671561
23.5522552080405
21.0751560744509
25.8805188598562
28.7630054295893
33.9089086948075
31.2471582729346
25.0865924716343
21.5813510876546
20.6072281787379
23.0433042869462
24.4446468577964
26.6811692373498
31.5854960121639
26.3131238023407
22.286373614984
24.1419525148627
24.8212834199289
22.1837508479107
19.1398727331953
15.805697393556
13.398610018267
16.9658365965203
20.9281582355452
20.0307584631637
18.5389402271675
21.2080172482564
19.4525048656699
14.7401786082038
17.6369892978671
16.2485311383774
14.2816120243113
10.3463332383578
11.4361277659958
11.882556055575
12.2067982306125
16.708508467422
17.6561670338681
14.1479282008572
14.269482527639
13.2608577834947
12.6007724952327
13.504420887793
16.8598764550417
19.0794558921824
18.4712599806126
19.5924011024218
18.4655185147634
16.0395870019958
18.3778969384654
18.3967963266991
17.0268145991456
15.526405811801
15.8045350395072
18.1815521816793
17.9348709922967
17.9419322970237
18.8856724784468
15.7252785868922
15.0658105207879
15.318750628823
19.0336622695088
20.2887854645532
18.7877142909951
17.6156612798463
20.3532216000319
18.939477719528
23.229605334365
24.7584753142288
22.6074472649241
20.3405551463304
18.0553841603695
19.9846628683327
18.9537037025069
19.696465730194
19.4166779176282
20.3793459040046
21.3315144033134
25.8074068412136
29.0289609490821
27.9400528574108
25.9592146111975
23.2253564538337
22.054448738817
19.8460041588828
21.2033565420832
22.1700317914013
20.3682763110772
19.0661578016988
17.3641390173903
18.4082559326531
18.3111620962663
17.9492224041328
17.2585957723132
14.5620599242291
21.5491125549014
20.839940617326
21.8444378958613
24.4610826843863
24.1192830119213
21.8125207552419
22.0646006877636
22.8187276289896
32.5245626380895
28.6726896239972
37.6423860303631
37.6061923059147
34.8114956228007
42.3336802718332
47.4540525482643
44.0686221468589
40.7209324290954
37.5430465986457
34.308172016228
33.585592467341
35.0122626111623
36.0470978991509
32.6935165924584
31.0021541279098
35.3243693024325
31.2418259366771
32.031118389921
25.6327867197879
21.2800856198424
17.2443028718225
17.8198654329966
19.551578652756
22.2114632255903
23.8624046936511
23.9376209537059
19.5262333580695
22.8259167183998
23.8379287171472
26.5443819509118
23.3588914539243
19.1469222563452
20.0915607394948
20.3308150135819
21.0497008165056
24.3527383473276
21.3546151803347
19.5495213231719
32.5387631947814
38.9886083390307
40.1383831486838
42.6165913424983
39.4489284938371
36.3947076429751
36.3468864183405
40.0584079853155
38.8152342803352
34.7283549021696
36.9900597379162
32.7863686823702
28.7791422972499
29.4851967700373
28.0665228552006
25.1632193005295
22.9822567145757
20.4576718160626
15.4471435044489
15.4868209613252
17.6675111147711
15.6617607310866
13.2150464973663
14.241588435941
15.3612002374648
17.7995377103272
19.6567108099541
18.6929453894243
15.5450152622823
13.3153311108503
14.2528605163537
16.0986946784883
17.9361569759041
20.2891087559119
21.7418967984282
21.525011062195
24.3597575432892
24.4515052157051
24.4575607475628
30.0736168801776
26.8795513754277
27.495426562941
28.9922244871402
27.1224838863278
26.1248041733138
23.5358523999328
20.8251751344594
20.4196326350868
20.3909914291078
28.3325982687031
28.0272081845591
23.661154116184
19.7165934739773
19.2251787906818
17.8596454759245
19.3846294862771
16.7421848937377
14.7931768184108
11.2190750711634
18.6253892509024
20.3045373949982
20.5618419389055
20.4117670545769
18.8585011844253
13.6490273347437
13.1571521405667
15.0382981468413
16.0042785861234
16.0978730285501
20.6193663341594
20.3884360354803
20.837489696599
27.8629076452814
28.596144813641
22.6470877811119
26.8570858436987
24.0766298024626
22.5687230130127
20.9890420827617
26.215617066203
25.7722417252373
23.9572792039335
23.9593723401317
22.4540207708089
18.9155746662468
18.982102575104
15.6387513218374
13.1896886840262
14.6108324648975
16.1294484434735
15.5369161011391
16.1059975957893
17.2359058764211
19.0763796833271
13.8126900934274
13.5998884737006
13.6764834639836
11.3102083898148
13.0843470863847
13.7422500401762
14.5362337649159
15.4977854438841
14.98392783729
18.2965536785986
17.8082006161351
20.4593206054774
30.4300683794188
23.4365938989277
25.7886955114266
27.6446866857746
27.1715940927982
28.146297337095
27.8150457078851
28.1007410913977
24.6293854739932
24.4450307077275
24.6432487057215
22.5584433423029
21.9200883536425
27.5127368944996
41.737793529827
35.2579636943799
37.518731939787
35.0516891242405
34.4568335084939
29.9530657924268
27.718626783685
25.0938594563116
22.1535282518069
24.3199214037723
25.3933694907302
25.3893812310364
23.9536974116121
20.4258423301568
18.6012762440507
14.5453365645637
19.4533166448161
14.3443357201817
18.0098028706411
19.4750236191803
28.1870898587971
30.4559974089442
34.6616056018284
35.4035080354348
35.180653851976
32.3389525578832
30.0301768435737
26.8844342058025
26.6408821513035
24.2002968481557
24.8453740131839
23.3847775668142
25.2995707725773
33.8793368119052
30.6498293275535
28.0364774923088
31.884803686783
35.9769156264064
32.2652833194847
30.6380358361609
36.5618193891135
36.6753174251843
35.5091562794597
33.1844274761044
35.4517260778325
35.8602280184102
33.7091165180462
31.7635789496117
28.9170501587356
31.6774082780734
28.2078525519216
26.2170957498011
25.4870597474454
28.3604255236244
27.1547433431504
25.7951471800108
26.7229014329434
28.166004580827
27.2459875373676
26.7319874138166
27.4679255984005
27.1205528273642
24.4620749015511
21.5481728193739
19.4632655576065
20.6686130043377
24.405736049919
22.3278165968587
16.3388986429371
19.3002213546232
21.5720293217908
20.5619516727462
20.4698742027122
23.8845499354381
21.7565770346475
21.915135187985
17.9070785145783
16.3192034835582
15.8593775399706
16.0577684227561
15.0631027573112
16.6404553163788
19.6897477335163
17.0664728680864
15.3507137724314
15.505688036935
19.5718863381226
19.2678050707577
16.1632364072565
15.8816329446523
13.4195324111198
14.0848175017365
14.4088402179569
15.4033476440751
14.3187861185767
12.2739307149012
9.94045440134721
12.2200783950016
12.2688757945759
14.0665746679661
13.0751317328393
10.6934993384262
16.208756500018
15.5781010976365
15.7750345282295
15.7986127686
15.1524358243405
15.6614531360376
16.3293496273275
19.1234847990247
18.4866165912599
18.3397983710061
18.0176928146608
14.6653888008442
12.5264395712364
12.6962903146447
11.9034085680651
10.4513880536837
11.6892424113148
12.0361818801021
19.0302567152558
17.6486963406833
17.5758762363709
28.0242116402156
28.0855045349925
26.3897798885841
26.6420693868099
25.4819396154397
23.3309886084297
19.728574625771
20.8566136896275
26.9472030618011
24.9257253164228
26.4238045170797
24.5922259099539
22.2802236512019
19.7014484161483
17.4204133090828
20.3967179653441
19.2958784082878
16.6982752437778
19.4457919743053
19.5036091946831
21.4905792310595
24.0094284008652
23.3180470801732
21.3121569303706
19.0411708478215
17.6956831754333
18.2437614418541
15.544216753245
18.4148032437446
16.3014696361275
15.0070451345566
15.6913999874658
18.7922550948672
30.3841723732669
31.2967137163533
26.6467529306947
26.4997823897674
25.3600958797814
25.7250681363491
25.7180902935219
25.9135751157775
27.0777006255521
23.8796813369933
22.2334894887711
25.1140089809791
24.4119731428279
23.90038945318
25.8496942686804
21.3801445272953
23.8794351710265
23.3574410555968
24.2878363290316
39.9172097067955
40.0983897408252
50.8582009617295
49.902860224214
52.1220220082616
54.5175158583941
48.1777260253098
44.0151732925862
37.4540130653269
33.890115623344
31.824597190837
31.94943375717
29.8576576204689
32.7254035849728
37.4440415234797
38.2441036206091
34.3934578017602
31.3077682193755
33.2393912447535
26.7990683009165
27.0412226856775
28.2749205431239
30.7725713124789
33.3367985556667
32.7600900272574
34.0828198922369
33.0685665307172
26.7101063866325
28.9328948959203
27.0957608505277
24.2750551218974
22.6785988029436
18.8071658533517
20.5666648839364
20.9120954514336
23.6341061481193
26.8588903818997
26.8451744615155
26.7361258273316
23.3340707663122
21.6479527640124
23.8073210750057
26.7286207707328
27.3817481936166
30.4594333289926
25.7118268599611
26.5106902161133
27.9672654952339
30.5767332344039
37.4503146457077
34.9267732970775
34.4262720707203
34.6161253115479
33.4802653644515
39.2594549401838
39.5843982655185
37.2292868629389
32.1107082600916
26.3371216422991
25.2443985021433
22.7584320996647
23.8934915597138
27.0883583183497
22.0972113916285
19.6827044895582
19.0384103212524
21.7049030053622
21.3951106327375
20.7391979559048
17.9171202974391
16.6093320630038
15.1032165518751
20.7789498699002
27.3567342771685
25.958441875354
27.1183768030056
21.7790737498018
19.6001020897825
16.4062331803677
14.996700015594
15.0068263422851
12.5097098522893
12.2096297889818
13.2818222615233
14.051305601605
15.8522531787993
15.6160811161843
14.0255347279586
13.1659992537751
13.4927329154045
16.3789385390885
16.4141895851616
20.4453921550804
25.7622378038211
24.7877570601562
25.0771653826434
26.7775722622448
25.5622043028511
24.2590272331699
20.8351429293378
21.4495098023692
19.7944629320588
19.9979619808726
22.8947842958795
23.716557605582
25.2206430586599
25.4130958947711
21.2398791133513
19.6003320506242
20.5030136408565
17.3629960584618
15.0413797408813
14.2049168044027
15.5795556107423
17.640752209006
19.3055599290294
20.5362568855293
16.8358986444419
15.221666254383
12.7165239264882
10.5740108030367
11.2578727421915
11.3928553406999
10.1043532554605
12.1150476546512
12.3792697939161
14.2249461421384
14.9141752371434
13.989156835446
14.0502613700585
13.3219989886215
15.2417091272814
13.441812313474
14.8734907544307
20.955542614959
27.9291212315169
34.9619067356945
38.3835884907902
38.1011759837398
36.6590122600868
38.347376208039
34.5176837858563
33.8321983686248
31.4024161195575
30.0271122138344
28.1966405358956
33.9432251619421
35.0386726916456
37.6178250346611
34.5091787460644
29.9723151809896
24.0524746983616
20.4487889794322
21.3639208638462
21.2460609357221
20.7243310629386
32.1180025351234
30.2621314945923
30.4415296711372
36.5934967342494
37.3142846269316
31.2220663662432
28.0497174619478
23.7245103643767
25.4164342999444
26.1477085977082
29.1834185062898
28.4064832456645
27.2245190247699
28.3533850085529
30.5249127170077
29.6112463401312
31.3946342833392
28.0310644504284
24.512591468599
22.0950412991189
24.9098427513284
28.5682932582058
31.3755610318734
32.3978770544081
33.1387456189061
30.1133380467285
28.1014632498216
24.8254225009998
27.0386750411987
25.4047155215059
22.5487839882813
21.5343978631871
22.244313276369
26.0840487971978
28.7437937518938
23.1731498896408
21.8722278907977
23.0998624958675
23.9745002255823
29.6684777998344
30.1522323397932
32.0182572335934
29.2372034489922
25.0916986984981
30.2131766151602
32.4677613396585
31.9203968927111
31.3546522956685
26.8351221312136
27.5375287548233
28.8460449748643
26.1529254032399
24.7301706422408
23.1430793050609
21.0225727084202
18.4255492520684
16.6746856646749
17.3039272409282
14.5136822429211
13.1753766225736
12.7896771851499
12.1990954266321
13.2915281993959
15.1565496650159
12.5521099337912
11.9251651292524
10.9380396966803
10.7885579087941
8.48062131047302
8.99615322927139
10.2860372279111
9.04434216633515
8.50287812436884
11.1212186961236
9.35271100081964
10.388896692191
9.66511797705229
7.94459855204376
9.14066753681693
10.7168196199751
13.6120815634807
14.4497925882246
12.2063895620987
11.5590931358566
9.76249197808046
9.03606083656526
10.6929771168574
11.0150176416568
10.7100167771785
11.5653044362248
9.1244249729145
8.63597840348694
9.37724900641254
9.70492461257996
11.062433785411
9.00955325927207
7.95963625429155
6.76693288494101
7.09604612144478
7.54984594559396
6.26089016165877
5.36468610075733
4.98757401851878
4.43075401140308
5.25627862189009
7.19085339693745
12.1975590879387
9.67098556108528
9.05152158310958
10.7215701800491
15.0225261423662
13.6912744987543
13.1683997524247
12.0694001442689
10.7654516951607
8.67279626917387
8.47475585860355
9.74907923236964
9.47386920918005
9.15323763268042
8.81708590345261
6.81989582801487
6.81834401497949
5.61607679996451
15.0921698424861
15.3485439875888
15.5583885435507
16.3610129530087
16.3696991877069
15.4104214326828
22.7631221722636
26.5021380078816
29.7205092302689
34.2824302579054
33.7605354214542
33.6696171510259
32.3133605557766
30.9998095312966
27.3649557428817
37.0307408447497
34.1772655236733
30.7085609171486
31.8160439088724
33.3133774367788
30.6856285144373
25.573612459
27.4241994022504
25.1678245654409
23.0920517337427
22.496494149418
23.1072660107185
19.6028415530273
19.3042494664617
19.9515239972039
18.0488727176699
22.5140727805393
19.3432704928669
18.3195347829754
17.7086179228336
24.1923026986891
25.0138108265729
24.2529020380492
24.2794974620164
25.5286959694272
27.1471153279881
26.6080489443672
26.6145038244109
24.9106342464242
29.5941436806167
27.3997190268072
27.2569973495284
27.7078148263445
35.2728514377938
36.9677714272995
32.7195129989694
34.8381062649014
31.8509768377136
30.9952540810172
28.3118929931826
31.3580463125905
36.9289053726588
38.32026504979
33.6676982954569
33.2821660383117
31.7067971072746
32.585053047954
30.3833225472179
30.6429070125292
32.8268527693759
28.7217695251879
27.732101522592
25.9412323494668
26.1347694395734
26.8122919418101
23.5990989082606
20.148469106485
21.8074029445946
20.1498266161121
19.4250268788827
25.8104681311781
22.8621557546348
23.8719563684551
24.0446491370535
37.2656502980448
39.9695908367687
43.6837356978496
43.8847888389342
35.0033814687525
34.283328459173
32.7598106694437
32.9264431214891
31.6254214696823
35.3136843490764
34.0786133084804
34.5047156272038
30.0720605627642
35.5097332651043
35.0751467108452
32.1854540738531
30.6191655434199
27.2754088219047
27.8191311052723
27.6464991332733
27.4852585289997
28.6809808043263
30.5841817357765
33.5293180585723
35.9242314172313
35.4769461383498
36.1160641808801
30.4233684103406
25.0145394427199
25.7513483331013
22.4231736241691
26.3317957149768
24.5681073905773
24.634232992162
29.2650468911502
27.2527777282333
34.6688230451563
34.8218151114316
33.3962290465029
29.6176865696314
26.6061558339088
25.729173628636
26.5079204995122
30.7457382499973
31.5818094890901
28.7525124631703
26.356628267963
28.3842771597154
27.427278401949
29.1624272149371
29.8208332471254
24.6886404798844
21.5649058732585
21.6643866930663
24.7611970083224
25.5281113519857
24.3103699756047
26.7593120173536
22.2143113721374
20.8957940629519
21.8053546653624
19.7663368477657
19.89159463493
17.0486408419329
20.5899529626459
19.8227554501759
22.5689768005503
25.4036477480235
20.7333231123847
18.3074459927283
19.9800780288429
20.7730165653837
19.2177060315247
20.8838764055452
19.2836316377997
17.899304619001
16.7102884145404
16.7976402954494
16.2032200816702
14.0890687164378
19.7273650390347
17.9549215507256
16.4655107273407
18.3710774670268
18.4847472040927
16.598154093165
14.3911944784113
19.3857134391927
18.5839605776273
21.2194182589677
21.7924521407927
19.1748789138719
17.2232873393975
18.4477176504082
17.9636631180228
15.8093744540587
15.7571773832378
14.1782835762007
12.3623243934807
11.1591337027178
14.1883392345336
12.9978019786278
11.4207069169959
11.7469024780251
11.5698032273628
11.8002712384283
11.5889460969541
11.4568980203095
9.59675790923423
10.6983645645518
9.35801701525116
11.0435059301262
10.5137357940582
12.2960015286014
10.4257773074847
17.7098013441365
15.574317105536
16.5834263751666
21.9242746480702
18.4040795337571
17.4924000493444
16.5056359351687
17.9909528075695
27.4493079315967
28.9707127615024
29.1456911531771
29.1170430921375
27.3872979810979
26.1732220935532
32.4241602435505
30.4540546701766
29.5087178005407
22.6177846657144
22.2351774898243
28.1623751230553
26.8689760924194
31.0663417446906
31.8656706697505
28.2400724359213
28.0209191863585
28.6923437813487
27.2733391148247
24.9819468760089
24.4785551924363
21.9570252835
19.4824138296305
21.3034034424089
22.9229372224783
21.4970805440586
23.7160511176224
19.4221773121665
18.2431414633663
18.9272147344644
21.6663736947101
32.0209841409073
29.2088940125618
29.819974713621
29.8340059477279
28.4427494234849
34.4942680613652
33.6703819672198
29.0012462173231
29.72381892432
28.0751184193982
29.6260936613632
31.4047828576812
28.0507172232128
29.5698970955908
28.0082848395125
23.8137128122939
26.8083887650141
24.0967205626822
31.8064128833754
27.8579211646896
32.3183226204327
36.6832479363272
35.6923403543382
39.3822213085338
40.9625313539155
41.8226511022165
36.2248777282695
32.5230362081037
31.7624698109341
31.1512593779116
30.0842051043084
29.3700328048577
25.2450269833289
23.7947983932242
26.0827346053437
24.3736103242026
26.3454445586281
21.1033440297562
18.2332922856273
19.1172315833179
19.3514710215692
23.4762674759588
26.7585741931663
22.9935274621984
23.9103708200813
20.0195643145656
19.6367698026925
19.3828151710773
17.533055160745
20.3480838922307
17.390086185016
15.5571170811971
15.037619321508
16.1850193949671
18.2676657587514
16.867349232467
15.4920639978799
13.0540103049397
14.493303464025
14.578263001642
15.5925051684649
17.2127783799892
18.3339386211574
14.9565496636478
14.4374456445237
15.3848889929508
15.6973245319615
16.9945069077563
12.9454345022682
15.2097186293907
14.2045923259602
13.6674562271008
14.3682165959233
14.2435973670518
13.7093219965397
12.7094186074158
8.69031136203365
7.06000648963125
7.94401782021849
7.0730232839251
8.64200138760387
7.60409695124468
7.01497622756979
5.40736971837566
6.06203365112189
5.82265273855598
5.18110583946525
6.34124467194709
5.15973520044254
5.47010842484792
5.17829859050739
7.81133460611487
7.25284145855095
7.79923125985967
6.95169223822777
6.39267562819419
4.9310451780153
2.96231401809722
3.83385141103779
3.46407982256864
3.86969120323321
3.15469800360026
4.38209559701885
3.25264414187936
2.96086407650194
3.79372049544016
3.66783528890025
3.33791684328885
2.2782896416269
2.39754528110748
2.36092863745566
3.25535369246806
4.19103273531613
4.29648701164947
3.44919492879646
3.01077877003321
2.33751960552161
1.75545648053742
2.60827756871733
2.1522147865859
2.00504229217273
1.60363729336562
2.26508185934048
3.72991829109537
12.0008916528607
11.5263404927103
10.4722627667905
10.5759750021848
10.1575441644333
9.29119126386579
7.99956553531957
8.68538229722864
7.37799800095264
6.81188809897807
8.40376701423514
17.2384369650954
15.3379599547742
15.3206069075598
15.2172851599769
12.3849185944721
10.9640891255528
12.3851801784672
22.1929235836144
21.0755288326389
21.7332805879636
22.9233915198273
22.0228609457152
20.1419141548665
20.3786294419286
19.8917432686885
16.1691041912731
13.6241392869268
11.9981903234675
12.2631943621348
12.0553948999875
14.0943377744858
12.135379236094
10.8450454879356
16.6769882608886
16.4134692965443
17.0755864974971
17.1409841036841
16.1566600433596
14.227255459261
13.8353823249904
17.0682514502246
19.2941031433813
17.5909478000534
18.446274882606
14.4504009269447
13.273297647703
15.2373398210336
15.397605750091
31.5040549019928
26.9170759102385
26.379172986418
30.4240773314941
30.2291613360395
30.4865574511543
35.8619529875082
32.7769701580668
28.4055239373914
28.9622140997497
32.9380696428732
35.4140768536981
29.6683576260047
29.6256495153495
23.2193811117467
22.4631541332297
30.2120506830152
28.1172909298425
31.8683991769148
28.0776967615138
24.1715574017143
23.0254282211418
25.7186797388591
26.8739707089937
25.2940683042735
22.4286334625599
23.3044040089872
17.4070945127825
19.0347657689469
21.1330070844758
16.7285240778825
22.4240010997809
25.4900776605735
27.1075515453851
33.3518295912264
33.6847569310978
33.642255067427
29.3854580037825
27.6472085758257
28.1703459188497
28.5778013264376
30.6437475358465
32.8737352151384
28.1752400738044
30.4009488128842
27.0591301351221
23.5483295678702
24.8223627593007
21.3622486717394
22.5040061650882
22.6257722421159
20.3758598646402
22.6514406081696
22.8017260279884
24.4401704642816
24.5743201143137
24.9623265239764
33.0306745698856
27.3041813278224
25.4910752825074
28.5450521513842
22.2485218244159
19.9056018370373
18.993540448913
18.8516541690276
18.2164099837679
26.5929875424371
25.3978604213333
21.9192530659404
22.7247742500457
24.362944402044
20.3533485388303
20.2163319019126
26.360702601126
20.7268513651676
22.847230071397
21.7633074487677
