21.32486111
20.18513542
17.26666319
16.10059722
15.94867708
15.27061806
14.95947917
14.86040972
14.37492361
14.65195139
16.03252431
14.91384028
14.86158681
14.46297917
14.06136111
13.9818125
14.70972917
14.52379514
15.44373958
14.58877431
14.36882986
14.20291319
13.99454514
13.93927431
14.02490972
13.90945486
13.95257986
13.93987847
13.64695139
12.30955208
11.28201042
11.69521528
12.00880208
12.69355208
12.36666667
12.41284722
12.58783333
12.81207639
12.22388194
12.38734028
12.32836806
12.39889236
12.45777431
13.10679167
12.65229167
16.12914583
20.777
15.65519792
15.19759375
15.41883681
14.85738542
14.93026389
14.45997222
14.1731875
13.74544097
14.41318056
13.78611458
13.01800347
13.17848611
13.40573958
15.10043056
13.96296181
17.46240625
15.16420486
17.06921528
15.16792708
14.94732639
14.49217361
14.55657292
13.79151042
14.31963194
14.32323611
17.50668403
15.50577083
14.95704514
14.45575
14.28014583
17.66348611
16.02401042
15.61449306
15.22565972
15.24076736
15.7333338
16.93726226
17.3985754
18.47782605
18.75864962
20.54037943
21.00480717
17.79102292
15.76023016
15.7567314
15.16188634
15.38337288
15.21148199
15.07499426
15.19337417
14.71893752
15.42584513
14.92135344
15.36037428
15.20909439
15.05756778
15.58182813
14.97972138
15.02565178
14.99501663
14.63621341
15.03230128
15.13123497
14.74181971
14.88571645
14.92564824
15.29363491
15.0395759
16.11751082
15.69291646
15.03387672
15.30520777
15.33965362
14.95647208
14.29718913
16.47266161
15.93519755
14.93095943
14.58330892
